KAR123 1234 12345678 kartik 48500 123456789 1234
ASH007 9868 99256011 ashish 49000 633070005 9990
KSH123 1234 34567889 kshitij 50000 423182020 1234
JAS107 100 78946123 jass 11000 659874560 8201
ANJ029 9205 2805990 anuj 94440 920502805 2422
JAT702 702 71328943 jatin 7400 98723474 6226
ADI048 4088 41829738 aditya 10600 990987900 1001
ASM299 2003 23895595 asmit 1500000 928376298 9899
CHN144 2022 11230940 chetan 97650 991991990 9116
HDK302 3002 11111111 hardik 19899 779825922 7877
MKL890 9800 38749384 mukul 12932 987687238 1345
HBG863 8937 98324238 Himanshu 4320 243287429 9223
GNH576 5876 66543883 ganesh 3000 2147483647 2123
DBK097 9872 99992938 dhruv 6500 347628374 3669
HRS776 4545 56537363 harsh 8933 897763274 8327
GAV873 4533 66273838 gaurav 3367 937652733 2934
SNY378 2867 23866434 sunny 7353 335729736 9232
DPS938 3274 32474392 deepanshu 20 923784234 8736
ASH033 1427 34278932 ashish 73243 532634783 3743
RVI990 4344 79032740 ravi 32822 837645363 9275
RHL330 2334 97300300 rahul 4382 232874343 2242
NTN685 8777 32490037 nitin 3283 638926543 2388
VAN123 1234 23456789 vansh 373000 23456789 1234
